mjgame:
      "lOpVal":3,"lOpUid":100145,"lianGang":0,"lastGangMj":16,"lastHuaGangMj":-1,"gtype":2,

ting:{"100145":[[1,2],3,17,0,14]}

"mjlist":[1,2,3,5,6,7,14,14]
杠开-------就是在杠了之后，摸一张牌自摸了，跟抢杠胡，不同的是：抢杠胡，是抢杠，点炮胡

不是杠开，清一色、豪华七小队：[1,1,2,2,3,3,4,4,5,5,6,6,6,10]       
不是杠开，清一色、七小队：[1,1,2,2,3,3,4,4,5,5,6,6,7,10]           摸一饼是清一色，摸七饼是清一色+七小队


测试抢杠胡：
听：[1,1,1,2,16,16,20,21,22,23,23,23,26,27] 胡家
杠家:[25,25,25]
点炮家：[25]

测试杠开：
[1,1,1,2,16,16,20,21,22,23,23,23,26,27]
杠 23 之后获得新牌 newMj 自摸，改程序中newMj = 25

测试杠出来的牌点炮，炮分*2 
杠后点炮 分数加*2
胡家:[2,2,3,4,11,12,13,16,16,20,21,22,26,27]
杠点炮：[1,1,1,16,16,20,21,22,23,23,23,26,27] 杠1饼 得到一张新牌：25

测试海底最后4张牌，自摸 ---算杠上开花 
出去海底摞数12张，余4张 136-16=当前牌数120
最后一家：[1,2,3,4,11,12,13,16,16,20,21,22,26,27]
不要 杠 ，获得新牌 newMj 自摸，改程序中newMj = 25

